1680	1	100000	123425
1680	1	100000	123425
1681	1	100000	123425
1682	7	100000	123425
1683	14	100000	123425
1684	34	100000	123425
1685	50	100000	123425
1686	70	100000	123425
1687	99	100000	123425
1688	152	100000	123425
1689	198	100000	123425
1690	242	100000	123425
1691	301	100000	123425
1692	390	100000	123425
1693	513	100000	123425
1694	643	100000	123425
1695	795	100000	123425
1696	960	100000	123425
1697	1167	100000	130238
1698	1405	100000	130238
1699	1685	100000	130238
1700	2005	100002	130238
1701	2366	100004	130238
1702	2751	100006	130238
1703	3223	100007	130238
1704	3699	100009	130238
1705	4246	100013	130238
1706	4810	100017	130238
1707	5418	100028	130238
1708	6028	100037	130238
1709	6699	100047	130238
1710	7376	100063	130238
1711	8150	100083	130238
1712	8910	100103	130238
1713	9727	100134	130238
1714	10564	100166	130238
1715	11443	100217	130238
1716	12406	100272	130238
1717	13357	100328	130238
1718	14340	100396	137052
1719	15361	100488	137052
1720	16455	100596	137052
1721	17611	100715	137052
1722	18742	100847	137052
1723	19890	101015	137052
1724	21094	101184	137052
1725	22334	101386	143865
1726	23638	101603	143865
1727	24946	101831	143865
1728	26343	102103	143865
1729	27717	102367	143865
1730	29133	102681	143865
1731	30537	103006	150678
1732	31962	103373	150678
1733	33527	103775	150678
1734	34996	104227	150678
1735	36518	104665	157492
1736	38132	105171	157492
1737	39775	105694	157492
1738	41441	106270	164305
1739	43180	106897	164305
1740	44897	107543	171118
1741	46704	108262	171118
1742	48414	108977	171118
1743	50263	109705	177932
1744	52173	110524	177932
1745	54065	111351	177932
1746	56113	112207	184745
1747	58020	113067	184745
1748	60063	114065	191558
1749	62227	115065	191558
1750	64269	116005	198372
1751	66323	117089	198372
1752	68394	118146	205185
1753	70511	119319	207821
1754	72740	120530	214634
1755	74888	121714	214634
1756	77086	122907	221447
1757	79320	124204	228261
1758	81531	125528	228261
1759	83824	126906	235074
1760	86142	128337	235074
1761	88585	129829	241888
1762	90972	131282	248701
1763	93299	132759	248701
1764	95750	134355	255514
1765	98207	135913	262328
1766	100657	137539	262328
1767	103127	139186	269141
1768	105588	140852	275954
1769	108080	142623	282768
1770	110573	144428	282768
1771	113131	146248	289581
1772	115630	148097	296394
1773	118170	149975	303208
1774	120738	151881	310021
1775	123339	153825	310021
1776	125938	155830	316834
1777	128481	157871	324018
1778	131037	159929	330832
1779	133642	161979	337645
1780	136280	164149	344458
1781	137816	166280	351272
1782	139341	168477	358085
1783	140709	170582	364898
1784	142155	172789	371712
1785	143556	175093	378525
1786	144970	177408	378525
1787	146343	179715	385338
1788	147677	181959	392152
1789	148969	184291	398965
1790	150181	186667	405778
1791	151395	189035	412592
1792	152661	191472	419405
1793	153907	193975	426219
1794	155090	196338	433032
1795	156199	198825	439845
1796	157420	201265	446659
1797	158635	203793	453472
1798	159926	206268	460285
1799	161210	208847	468974
1800	162331	211316	475788
1801	163589	213859	482601
1802	164589	216379	489414
1803	165676	218925	496228
1804	166915	221549	503041
1805	168032	224092	509854
1806	169192	226721	516668
1807	170257	229326	523481
1808	171260	231993	530295
1809	172091	234609	537108
1810	172837	237232	543921
1811	173516	239908	550735
1812	174290	242558	560362
1813	174790	245204	567175
1814	175203	247885	573921
1815	175846	250583	181029
1816	176357	253265	188940
1817	176700	255777	196850
1818	177225	258494	204760
1819	177781	261150	212670
1820	178270	263950	220581
1821	178785	266654	220581
1822	179249	269287	228491
1823	179799	271956	244312
1824	180333	274674	244312
1825	180749	277337	252222
1826	181381	279999	260132
1827	181708	282689	268042
1828	181986	285308	275953
1829	182370	287862	283863
1830	182711	290554	291773
1831	183069	293229	299684
1832	183277	295949	307594
1833	183384	298704	307594
1834	183417	301302	315504
1835	183554	304005	323414
1836	183590	306634	331325
1837	183752	309347	339235
1838	184019	312025	347145
1839	184154	314676	355056
1840	184421	317403	362966
1841	184641	320152	370876
1842	184902	322928	378786
1843	185053	325659	386697
1844	185124	328356	386697
1845	185317	331090	394607
1846	185380	333715	402517
1847	185537	336518	410428
1848	185679	339237	418338
1849	185810	341931	426248
1850	185908	344615	434158
1851	185968	347383	442069
1852	185988	350113	449979
1853	186112	352892	457889
1854	186209	355639	457889
1855	186176	358323	465800
1856	186185	360984	481620
1857	186243	363629	489530
1858	186238	366401	501661
1859	186220	369059	501661
1860	186198	371790	509572
1861	186161	374505	517482
1862	186299	377306	525392
1863	186351	380017	533302
1864	186509	382719	541213
1865	186600	385440	549123
1866	186768	388202	557033
1867	186955	390970	564944
1868	187175	393667	572854
1869	187279	396339	580764
1870	187455	398910	588674
1871	187687	401671	596585
1872	188075	404477	604495
1873	188396	407188	612405
1874	188650	409907	612405
1875	188893	412674	620316
1876	189024	415351	628226
1877	189242	418023	636136
1878	189380	420690	644046
1879	189562	423417	651957
1880	189722	426098	659867
1881	189907	428913	667777
1882	190054	431624	675688
1883	190001	434268	675688
1884	190090	436956	689279
1885	190394	439733	316115
1886	190504	442447	324856
1887	190691	445259	324856
1888	190642	447976	333597
1889	190758	450731	342338
1890	190923	453483	351079
1891	191157	456275	359819
1892	191275	459053	368560
1893	191264	461676	368560
1894	191451	464402	377301
1895	191566	467211	386042
1896	191593	469998	394783
1897	191793	472756	403524
1898	191822	475613	403524
1899	191887	478299	412265
1900	191978	481136	421005
1901	192087	483883	429746
1902	192039	486555	438487
1903	192091	489356	447228
1904	192131	492014	447228
1905	192241	494736	455969
1906	192369	497578	464710
1907	192522	500410	473451
1908	192543	503082	482191
1909	192645	505907	482191
1910	192769	508661	490932
1911	192859	511475	506004
1912	192892	514240	514745
1913	193045	517067	523486
1914	193090	519825	532226
1915	193185	522624	532226
1916	193311	525393	540967
1917	193511	528257	549708
1918	193527	530985	558449
1919	193691	533678	567190
1920	193833	536537	575931
1921	193849	539382	575931
1922	193803	542238	593412
1923	193913	545003	602153
1924	194054	547852	610894
1925	194100	550716	619635
1926	194218	553522	619635
1927	194327	556339	628376
1928	194444	559152	637117
1929	194573	561887	645858
1930	194824	564780	654599
1931	194777	567495	654599
1932	194920	570354	663339
1933	194983	573087	672080
1934	195181	575940	680821
1935	195224	578695	689562
1936	195311	581471	698303
1937	195386	584256	698303
1938	195510	587090	707044
1939	195532	589906	715785
1940	195643	592762	724526
1941	195744	595528	733266
1942	195869	598353	742007
1943	196014	601226	750748
1944	196108	604060	750748
1945	196148	606837	759489
1946	196266	609685	768230
